{
  "cells": [
    {
      "cell_type": "markdown",
      "metadata": {},
      "source": [
        "# QuantShield Exploratory Analysis\n",
        "\n",
        "This notebook is a lightweight starting point for inspecting locally fetched prices and returns."
      ]
    },
    {
      "cell_type": "code",
      "execution_count": 1,
      "metadata": {},
      "outputs": [
        {
          "data": {
            "text/plain": [
              "(Ticker             SPY         QQQ         IWM        EFA        EEM  \\\n",
              " Date                                                                   \n",
              " 2026-03-30  631.969971  558.280029  239.610001  94.070000  54.750000   \n",
              " 2026-03-31  650.340027  577.179993  248.000000  97.129997  56.790001   \n",
              " 2026-04-01  655.239990  584.309998  249.559998  98.610001  57.230000   \n",
              " 2026-04-02  655.830017  584.979980  251.289993  98.000000  56.590000   \n",
              " 2026-04-06  658.929993  588.500000  252.360001  98.489998  57.110001   \n",
              " \n",
              " Ticker            TLT         LQD         GLD        VNQ  \n",
              " Date                                                      \n",
              " 2026-03-30  86.434639  107.866783  414.579987  87.330002  \n",
              " 2026-03-31  86.345001  108.543999  430.290009  88.699997  \n",
              " 2026-04-01  86.260002  108.660004  437.820007  89.019997  \n",
              " 2026-04-02  86.790001  109.120003  429.410004  90.230003  \n",
              " 2026-04-06  86.650002  108.949997  427.649994  90.360001  ,\n",
              " Ticker           SPY       QQQ       IWM       EFA       EEM       TLT  \\\n",
              " Date                                                                     \n",
              " 2026-03-30 -0.003343 -0.007643 -0.014356  0.002878 -0.008152  0.013311   \n",
              " 2026-03-31  0.029068  0.033854  0.035015  0.032529  0.037260 -0.001037   \n",
              " 2026-04-01  0.007534  0.012353  0.006290  0.015237  0.007748 -0.000984   \n",
              " 2026-04-02  0.000900  0.001147  0.006932 -0.006186 -0.011183  0.006144   \n",
              " 2026-04-06  0.004727  0.006017  0.004258  0.005000  0.009189 -0.001613   \n",
              " \n",
              " Ticker           LQD       GLD       VNQ  \n",
              " Date                                      \n",
              " 2026-03-30  0.006411 -0.000289  0.003793  \n",
              " 2026-03-31  0.006278  0.037894  0.015688  \n",
              " 2026-04-01  0.001069  0.017500  0.003608  \n",
              " 2026-04-02  0.004233 -0.019209  0.013593  \n",
              " 2026-04-06 -0.001558 -0.004099  0.001441  )"
            ]
          },
          "execution_count": 1,
          "metadata": {},
          "output_type": "execute_result"
        }
      ],
      "source": [
        "from pathlib import Path\n",
        "import sys\n",
        "\n",
        "ROOT = Path.cwd().resolve().parent if Path.cwd().name == 'notebooks' else Path.cwd().resolve()\n",
        "if str(ROOT / 'src') not in sys.path:\n",
        "    sys.path.insert(0, str(ROOT / 'src'))\n",
        "\n",
        "from quantshield.config import load_config\n",
        "from quantshield.pipeline import prepare_market_data\n",
        "\n",
        "config = load_config(ROOT / 'config' / 'default_config.yaml')\n",
        "prices, returns = prepare_market_data(config)\n",
        "prices.tail(), returns.tail()"
      ]
    },
    {
      "cell_type": "code",
      "execution_count": 2,
      "metadata": {},
      "outputs": [
        {
          "data": {
            "text/html": [
              "<div>\n",
              "<style scoped>\n",
              "    .dataframe tbody tr th:only-of-type {\n",
              "        vertical-align: middle;\n",
              "    }\n",
              "\n",
              "    .dataframe tbody tr th {\n",
              "        vertical-align: top;\n",
              "    }\n",
              "\n",
              "    .dataframe thead th {\n",
              "        text-align: right;\n",
              "    }\n",
              "</style>\n",
              "<table border=\"1\" class=\"dataframe\">\n",
              "  <thead>\n",
              "    <tr style=\"text-align: right;\">\n",
              "      <th>Ticker</th>\n",
              "      <th>SPY</th>\n",
              "      <th>QQQ</th>\n",
              "      <th>IWM</th>\n",
              "      <th>EFA</th>\n",
              "      <th>EEM</th>\n",
              "      <th>TLT</th>\n",
              "      <th>LQD</th>\n",
              "      <th>GLD</th>\n",
              "      <th>VNQ</th>\n",
              "    </tr>\n",
              "    <tr>\n",
              "      <th>Ticker</th>\n",
              "      <th></th>\n",
              "      <th></th>\n",
              "      <th></th>\n",
              "      <th></th>\n",
              "      <th></th>\n",
              "      <th></th>\n",
              "      <th></th>\n",
              "      <th></th>\n",
              "      <th></th>\n",
              "    </tr>\n",
              "  </thead>\n",
              "  <tbody>\n",
              "    <tr>\n",
              "      <th>SPY</th>\n",
              "      <td>1.000000</td>\n",
              "      <td>0.934193</td>\n",
              "      <td>0.866683</td>\n",
              "      <td>0.846527</td>\n",
              "      <td>0.751987</td>\n",
              "      <td>-0.179789</td>\n",
              "      <td>0.272688</td>\n",
              "      <td>0.052004</td>\n",
              "      <td>0.721710</td>\n",
              "    </tr>\n",
              "    <tr>\n",
              "      <th>QQQ</th>\n",
              "      <td>0.934193</td>\n",
              "      <td>1.000000</td>\n",
              "      <td>0.769335</td>\n",
              "      <td>0.754004</td>\n",
              "      <td>0.721651</td>\n",
              "      <td>-0.127070</td>\n",
              "      <td>0.257804</td>\n",
              "      <td>0.061691</td>\n",
              "      <td>0.581531</td>\n",
              "    </tr>\n",
              "    <tr>\n",
              "      <th>IWM</th>\n",
              "      <td>0.866683</td>\n",
              "      <td>0.769335</td>\n",
              "      <td>1.000000</td>\n",
              "      <td>0.787112</td>\n",
              "      <td>0.692214</td>\n",
              "      <td>-0.158110</td>\n",
              "      <td>0.261033</td>\n",
              "      <td>0.060026</td>\n",
              "      <td>0.715513</td>\n",
              "    </tr>\n",
              "    <tr>\n",
              "      <th>EFA</th>\n",
              "      <td>0.846527</td>\n",
              "      <td>0.754004</td>\n",
              "      <td>0.787112</td>\n",
              "      <td>1.000000</td>\n",
              "      <td>0.832720</td>\n",
              "      <td>-0.149341</td>\n",
              "      <td>0.289044</td>\n",
              "      <td>0.153363</td>\n",
              "      <td>0.660434</td>\n",
              "    </tr>\n",
              "    <tr>\n",
              "      <th>EEM</th>\n",
              "      <td>0.751987</td>\n",
              "      <td>0.721651</td>\n",
              "      <td>0.692214</td>\n",
              "      <td>0.832720</td>\n",
              "      <td>1.000000</td>\n",
              "      <td>-0.132178</td>\n",
              "      <td>0.239842</td>\n",
              "      <td>0.187179</td>\n",
              "      <td>0.544545</td>\n",
              "    </tr>\n",
              "    <tr>\n",
              "      <th>TLT</th>\n",
              "      <td>-0.179789</td>\n",
              "      <td>-0.127070</td>\n",
              "      <td>-0.158110</td>\n",
              "      <td>-0.149341</td>\n",
              "      <td>-0.132178</td>\n",
              "      <td>1.000000</td>\n",
              "      <td>0.698657</td>\n",
              "      <td>0.258338</td>\n",
              "      <td>0.034680</td>\n",
              "    </tr>\n",
              "    <tr>\n",
              "      <th>LQD</th>\n",
              "      <td>0.272688</td>\n",
              "      <td>0.257804</td>\n",
              "      <td>0.261033</td>\n",
              "      <td>0.289044</td>\n",
              "      <td>0.239842</td>\n",
              "      <td>0.698657</td>\n",
              "      <td>1.000000</td>\n",
              "      <td>0.292310</td>\n",
              "      <td>0.393452</td>\n",
              "    </tr>\n",
              "    <tr>\n",
              "      <th>GLD</th>\n",
              "      <td>0.052004</td>\n",
              "      <td>0.061691</td>\n",
              "      <td>0.060026</td>\n",
              "      <td>0.153363</td>\n",
              "      <td>0.187179</td>\n",
              "      <td>0.258338</td>\n",
              "      <td>0.292310</td>\n",
              "      <td>1.000000</td>\n",
              "      <td>0.124800</td>\n",
              "    </tr>\n",
              "    <tr>\n",
              "      <th>VNQ</th>\n",
              "      <td>0.721710</td>\n",
              "      <td>0.581531</td>\n",
              "      <td>0.715513</td>\n",
              "      <td>0.660434</td>\n",
              "      <td>0.544545</td>\n",
              "      <td>0.034680</td>\n",
              "      <td>0.393452</td>\n",
              "      <td>0.124800</td>\n",
              "      <td>1.000000</td>\n",
              "    </tr>\n",
              "  </tbody>\n",
              "</table>\n",
              "</div>"
            ],
            "text/plain": [
              "Ticker       SPY       QQQ       IWM       EFA       EEM       TLT       LQD  \\\n",
              "Ticker                                                                         \n",
              "SPY     1.000000  0.934193  0.866683  0.846527  0.751987 -0.179789  0.272688   \n",
              "QQQ     0.934193  1.000000  0.769335  0.754004  0.721651 -0.127070  0.257804   \n",
              "IWM     0.866683  0.769335  1.000000  0.787112  0.692214 -0.158110  0.261033   \n",
              "EFA     0.846527  0.754004  0.787112  1.000000  0.832720 -0.149341  0.289044   \n",
              "EEM     0.751987  0.721651  0.692214  0.832720  1.000000 -0.132178  0.239842   \n",
              "TLT    -0.179789 -0.127070 -0.158110 -0.149341 -0.132178  1.000000  0.698657   \n",
              "LQD     0.272688  0.257804  0.261033  0.289044  0.239842  0.698657  1.000000   \n",
              "GLD     0.052004  0.061691  0.060026  0.153363  0.187179  0.258338  0.292310   \n",
              "VNQ     0.721710  0.581531  0.715513  0.660434  0.544545  0.034680  0.393452   \n",
              "\n",
              "Ticker       GLD       VNQ  \n",
              "Ticker                      \n",
              "SPY     0.052004  0.721710  \n",
              "QQQ     0.061691  0.581531  \n",
              "IWM     0.060026  0.715513  \n",
              "EFA     0.153363  0.660434  \n",
              "EEM     0.187179  0.544545  \n",
              "TLT     0.258338  0.034680  \n",
              "LQD     0.292310  0.393452  \n",
              "GLD     1.000000  0.124800  \n",
              "VNQ     0.124800  1.000000  "
            ]
          },
          "execution_count": 2,
          "metadata": {},
          "output_type": "execute_result"
        }
      ],
      "source": [
        "returns.corr()"
      ]
    }
  ],
  "metadata": {
    "kernelspec": {
      "display_name": ".venv",
      "language": "python",
      "name": "python3"
    },
    "language_info": {
      "codemirror_mode": {
        "name": "ipython",
        "version": 3
      },
      "file_extension": ".py",
      "mimetype": "text/x-python",
      "name": "python",
      "nbconvert_exporter": "python",
      "pygments_lexer": "ipython3",
      "version": "3.14.2"
    }
  },
  "nbformat": 4,
  "nbformat_minor": 5
}
